              precision    recall  f1-score   support

           0       0.00      0.00      0.00         7
           1       0.38      0.76      0.51        33
           2       0.00      0.00      0.00         3
           3       0.00      0.00      0.00         2
           4       0.76      0.65      0.70        20
           5       0.43      0.43      0.43         7
           6       0.67      0.40      0.50        10
           7       0.60      1.00      0.75         3
           8       0.47      0.64      0.54        11
           9       0.00      0.00      0.00         6
          10       0.67      0.33      0.44        12
          12       0.55      0.50      0.52        12
          13       0.60      0.25      0.35        12
          14       0.55      0.86      0.67         7
          15       0.38      0.68      0.49        19
          16       0.00      0.00      0.00         2
          17       0.80      0.50      0.62         8
          18       0.75      0.56      0.64        32
          19       0.00      0.00      0.00         4
          20       0.75      0.67      0.71         9

    accuracy                           0.53       219
   macro avg       0.42      0.41      0.39       219
weighted avg       0.52      0.53      0.50       219
