              precision    recall  f1-score   support

           0       1.00      0.86      0.92         7
           1       0.78      0.85      0.81        33
           2       1.00      0.67      0.80         3
           3       0.00      0.00      0.00         2
           4       0.85      0.85      0.85        20
           5       0.64      1.00      0.78         7
           6       0.80      0.80      0.80        10
           7       1.00      1.00      1.00         3
           8       0.58      0.64      0.61        11
           9       0.50      0.50      0.50         6
          10       0.82      0.75      0.78        12
          12       0.70      0.58      0.64        12
          13       0.73      0.92      0.81        12
          14       0.86      0.86      0.86         7
          15       0.94      0.89      0.92        19
          16       0.50      0.50      0.50         2
          17       0.89      1.00      0.94         8
          18       0.90      0.84      0.87        32
          19       1.00      1.00      1.00         4
          20       1.00      0.78      0.88         9

    accuracy                           0.81       219
   macro avg       0.77      0.76      0.76       219
weighted avg       0.81      0.81      0.81       219
