[[ 6  0  0  0  0  0  0  0  0  0  0  0  0  0  0  1  0  0  0  0]
 [ 0 28  0  0  2  0  0  0  3  0  0  0  0  0  0  0  0  0  0  0]
 [ 0  0  2  0  0  0  0  0  0  0  0  1  0  0  0  0  0  0  0  0]
 [ 0  0  0  0  0  2  0  0  0  0  0  0  0  0  0  0  0  0  0  0]
 [ 0  1  0  0 17  2  0  0  0  0  0  0  0  0  0  0  0  0  0  0]
 [ 0  0  0  0  0  7  0  0  0  0  0  0  0  0  0  0  0  0  0  0]
 [ 0  2  0  0  0  0  8  0  0  0  0  0  0  0  0  0  0  0  0  0]
 [ 0  0  0  0  0  0  0  3  0  0  0  0  0  0  0  0  0  0  0  0]
 [ 0  1  0  0  0  0  1  0  7  0  0  0  0  0  0  0  0  2  0  0]
 [ 0  1  0  0  0  0  0  0  1  3  0  0  1  0  0  0  0  0  0  0]
 [ 0  1  0  0  0  0  0  0  0  2  9  0  0  0  0  0  0  0  0  0]
 [ 0  0  0  0  0  0  1  0  1  0  0  7  2  1  0  0  0  0  0  0]
 [ 0  0  0  0  0  0  0  0  0  0  0  0 11  0  1  0  0  0  0  0]
 [ 0  0  0  0  0  0  0  0  0  0  0  1  0  6  0  0  0  0  0  0]
 [ 0  0  0  0  1  0  0  0  0  0  0  0  1  0 17  0  0  0  0  0]
 [ 0  0  0  0  0  0  0  0  0  0  1  0  0  0  0  1  0  0  0  0]
 [ 0  0  0  0  0  0  0  0  0  0  0  0  0  0  0  0  8  0  0  0]
 [ 0  2  0  0  0  0  0  0  0  1  1  0  0  0  0  0  1 27  0  0]
 [ 0  0  0  0  0  0  0  0  0  0  0  0  0  0  0  0  0  0  4  0]
 [ 0  0  0  0  0  0  0  0  0  0  0  1  0  0  0  0  0  1  0  7]]