              precision    recall  f1-score   support

           0       1.00      0.86      0.92         7
           1       0.81      0.88      0.84        33
           2       1.00      0.67      0.80         3
           3       0.00      0.00      0.00         2
           4       0.95      0.95      0.95        20
           5       0.70      1.00      0.82         7
           6       1.00      0.70      0.82        10
           7       1.00      1.00      1.00         3
           8       0.53      0.73      0.62        11
           9       0.67      0.67      0.67         6
          10       0.92      0.92      0.92        12
          12       0.70      0.58      0.64        12
          13       0.83      0.83      0.83        12
          14       0.83      0.71      0.77         7
          15       0.86      0.95      0.90        19
          16       0.50      0.50      0.50         2
          17       0.73      1.00      0.84         8
          18       0.97      0.88      0.92        32
          19       1.00      1.00      1.00         4
          20       1.00      0.78      0.88         9

    accuracy                           0.84       219
   macro avg       0.80      0.78      0.78       219
weighted avg       0.85      0.84      0.84       219
