              precision    recall  f1-score   support

           0       0.67      0.86      0.75         7
           1       0.81      0.88      0.84        33
           2       1.00      0.67      0.80         3
           3       0.00      0.00      0.00         2
           4       0.80      0.80      0.80        20
           5       0.56      0.71      0.62         7
           6       0.70      0.70      0.70        10
           7       0.75      1.00      0.86         3
           8       0.54      0.64      0.58        11
           9       0.75      0.50      0.60         6
          10       0.92      0.92      0.92        12
          12       0.70      0.58      0.64        12
          13       0.90      0.75      0.82        12
          14       0.75      0.86      0.80         7
          15       0.88      0.79      0.83        19
          16       0.50      0.50      0.50         2
          17       0.73      1.00      0.84         8
          18       0.93      0.84      0.89        32
          19       1.00      1.00      1.00         4
          20       0.78      0.78      0.78         9

    accuracy                           0.79       219
   macro avg       0.73      0.74      0.73       219
weighted avg       0.79      0.79      0.79       219
