              precision    recall  f1-score   support

           0       0.00      0.00      0.00         7
           1       0.17      0.09      0.12        33
           2       0.00      0.00      0.00         3
           3       0.00      0.00      0.00         2
           4       0.58      0.35      0.44        20
           5       0.33      0.71      0.45         7
           6       0.60      0.30      0.40        10
           7       0.75      1.00      0.86         3
           8       0.00      0.00      0.00        11
           9       0.00      0.00      0.00         6
          10       0.20      0.17      0.18        12
          11       0.00      0.00      0.00         0
          12       0.50      0.50      0.50        12
          13       0.00      0.00      0.00        12
          14       0.46      0.86      0.60         7
          15       0.17      0.05      0.08        19
          16       0.33      0.50      0.40         2
          17       0.00      0.00      0.00         8
          18       0.43      0.56      0.49        32
          19       0.07      1.00      0.12         4
          20       0.35      0.67      0.46         9

    accuracy                           0.30       219
   macro avg       0.24      0.32      0.24       219
weighted avg       0.28      0.30      0.26       219
