              precision    recall  f1-score   support

           0       0.00      0.00      0.00         7
           1       0.25      0.48      0.33        33
           2       0.00      0.00      0.00         3
           3       0.00      0.00      0.00         2
           4       0.00      0.00      0.00        20
           5       0.30      0.43      0.35         7
           6       0.00      0.00      0.00        10
           7       0.00      0.00      0.00         3
           8       0.38      0.55      0.44        11
           9       0.00      0.00      0.00         6
          10       0.00      0.00      0.00        12
          12       0.60      0.50      0.55        12
          13       1.00      0.17      0.29        12
          14       0.43      0.86      0.57         7
          15       0.39      0.74      0.51        19
          16       0.00      0.00      0.00         2
          17       0.00      0.00      0.00         8
          18       0.46      0.56      0.51        32
          19       0.00      0.00      0.00         4
          20       0.46      0.67      0.55         9

    accuracy                           0.35       219
   macro avg       0.21      0.25      0.20       219
weighted avg       0.29      0.35      0.29       219
